_o_,468.74434163157895,687.853243368421,0.11250000000001137
_ā_,733.707365425,1473.2288325499999,0.24375000000000568
_e_,486.2007298947368,1746.9791384210525,0.11249999999999716
_o_,434.7632549130435,763.509934,0.13750000000000107
_o_,463.1398891818182,799.1132404545456,0.0625
_ā_,558.4405332352941,1562.5086567647058,0.09999999999999432
_o_,440.5917629166667,1288.09997825,0.06874999999999432
_a_,560.1903565161292,1071.7806657419355,0.1875
_ā_,595.2535684705882,1687.636431352941,0.10000000000000142
_ā_,807.0917912941177,1483.5700151470592,0.20625000000000426
_ā_,667.8932685833333,1551.8517926666664,0.06875000000000142
_e_,542.3809304615384,1786.8938440000004,0.07499999999999574
_e_,493.09760147222215,1936.6932916111114,0.21875
_ā_,723.7031105,1562.96765075,0.09375
_a_,622.3964911071427,1084.2195780000002,0.16875000000000284
_a_,608.1802674444444,1214.4651957222222,0.10624999999999929
_e_,444.28417984615385,1940.9052466923079,0.07500000000000284
_a_,598.9231530526316,1097.0422736052633,0.23125000000000284
_ā_,787.6517416382978,1426.2112167234043,0.2875000000000014
_a_,573.9547915405406,1188.6453640540537,0.22499999999999964
_ā_,783.96591,1631.082114,0.05624999999999858
_ā_,703.8598061333333,1731.7268227333332,0.08749999999999947
_i_,406.76334367500004,2116.4628196999993,0.24374999999999947
_e_,520.2536488888888,2052.0896183333334,0.05000000000000071
_e_,572.7135675384615,2018.6647493076923,0.07500000000000018
_o_,387.5709511538461,722.4396815384615,0.07499999999999574
_i_,286.91964984615385,2416.233966846154,0.07499999999999574
_ā_,776.7321761000001,1590.45810185,0.11874999999999858
_e_,404.0767863333333,2317.6598114814815,0.16250000000000142
_o_,410.5948481666667,767.1623815555555,0.10625000000000284
_e_,596.3353107037038,2037.8402395925932,0.16249999999999787
_o_,427.99087660000004,935.9448590000001,0.0875
_o_,386.8167301333333,943.0362296666666,0.08750000000000002
_ā_,825.2584694999999,1634.03859,0.09375
_ā_,896.2666511999998,1580.0671316999997,0.11874999999999997
_ā_,962.1897723333333,1636.135891904762,0.125
_i_,380.14369354054054,2461.6460633243246,0.22499999999999787
_i_,304.2874207857143,2296.7099105714287,0.08125000000000071
_o_,461.3460064285714,986.9320569285713,0.08124999999999893
_o_,453.573449,1042.5001761500002,0.11875000000000036
_o_,468.65306561538466,825.807756269231,0.15625
_a_,575.6176366486487,933.9338904864863,0.22500000000000053
_a_,547.7587849714286,931.2405247714286,0.21249999999999947
_i_,300.4528959523809,1672.9621264047619,0.2562499999999943
_a_,577.0183515555557,1085.2599285000001,0.10625000000000284
_ā_,658.8763400666666,1564.0965917111107,0.2750000000000057
_o_,387.36504676190475,987.0799661904761,0.125
_o_,373.54433025925925,903.0761754814812,0.16249999999999432
_e_,476.1855956666666,1992.4085152916668,0.14375000000000426
_e_,445.19440699999996,2000.604647909091,0.0625
_ā_,564.7812795909091,1542.1782835909091,0.1312500000000001
_o_,376.5175003142857,1002.6530338285711,0.2124999999999999
_ā_,618.5014978947368,1550.0002583157893,0.11249999999999982
_o_,388.13978740000005,1005.4678053,0.24375000000000036
_ā_,579.50692635,1525.6438342,0.11875000000000036
_o_,390.39359777142863,1070.231860742857,0.21250000000000036
_ā_,713.2062822272727,1519.0839852727274,0.13124999999999964
_o_,372.01536090000013,842.1155403749999,0.24375000000000036
_a_,538.0557335,998.4083250000001,0.2562500000000014
_o_,390.9191136842105,830.770759526316,0.11249999999999716
_a_,538.0025306052631,979.5928770263157,0.23124999999999574
_o_,386.05992020588246,809.3602966764707,0.20624999999999716
_o_,463.81895948148144,969.4991682222222,0.16250000000000142
_o_,411.43518726923077,804.5379283076923,0.15625