Time_s	F1_Hz	F2_Hz	F3_Hz	F4_Hz	environment
Time_s	F1_Hz	F2_Hz	F3_Hz	F4_Hz	p_e_t
8.801627	367.555673	1767.300231	2350.968323	3448.388668
8.807877	402.954450	1829.846862	2338.890762	3491.253411
8.814127	416.140839	1858.476694	2321.372875	3514.358556
8.820377	426.502829	1938.880320	2655.078402	3703.357906
8.826627	429.019676	1943.343905	2513.470206	3404.556055
8.832877	430.692057	1968.131617	2609.168423	3441.931955
8.839127	429.453528	1954.893256	2542.121993	3673.919058
8.845377	429.674541	1953.894384	2554.635926	3616.354911
8.851627	431.412128	1970.935098	2783.755494	3646.631841
8.857877	431.749259	1970.799095	2658.072667	3690.348845
8.864127	431.975161	1984.542802	2527.183367	3691.875738
8.870377	433.369346	2001.641458	2778.305248	3723.506528
8.876627	433.193148	2017.867709	2939.783599	3754.142378
8.882877	429.400623	1972.036695	2578.905633	3754.255143
8.889127	416.937486	1980.728371	2566.477439	3700.688076
8.895377	362.614574	2032.484841	2555.154678	3759.762715
Time_s	F1_Hz	F2_Hz	F3_Hz	F4_Hz	p_e_tə
11.004041	359.364992	1911.014665	2391.915700	3430.123000
11.010291	363.773903	1953.615462	2445.684707	3421.983188
11.016541	368.128548	2000.354116	2523.663724	3484.774877
11.022791	370.321782	2041.125010	2584.482802	3526.364081
11.029041	376.446026	2078.684599	2652.801977	3554.263172
11.035291	381.545904	2091.219948	2686.506247	3553.856137
11.041541	381.826863	2098.458132	2718.001732	3242.029151
11.047791	383.381164	2099.190562	2772.832418	3081.541849
11.054041	390.824219	2101.009406	2802.820453	3312.882051
11.060291	398.290813	2096.692719	2777.095685	3732.192232
11.066541	402.947656	2081.802855	2740.494496	3722.095783
11.072791	410.941528	2057.266596	2719.539135	3717.385716
11.079041	413.632475	2051.070175	2743.202117	3649.244566
11.085291	406.630484	2033.217638	2757.946381	3689.042813
11.091541	387.543913	1997.112194	2799.588227	3737.934218
11.097791	356.704957	1936.801329	2751.942024	3759.132279
Time_s	F1_Hz	F2_Hz	F3_Hz	F4_Hz	pet_ə_
11.251386	394.427294	1738.379165	2557.295551	3744.942961
11.257636	413.172492	1701.190627	2555.071909	3740.155081
11.263886	446.262944	1691.524864	2530.431500	3699.033411
11.270136	431.367542	1702.048092	2551.461822	3709.341689
11.276386	437.038307	1682.821532	2519.145560	3724.168555
11.282636	452.303613	1661.152164	2507.382741	3700.875287
11.288886	465.019660	1659.382596	2547.267006	3664.031646
11.295136	478.859927	1635.543130	2539.317125	3642.211866
11.301386	462.839930	1587.245416	2552.534995	3654.227710
Time_s	F1_Hz	F2_Hz	F3_Hz	F4_Hz	x_a_l
17.333216	600.984082	1358.750925	2598.369804	3674.126260
17.339466	698.892479	1380.850992	2925.743525	3024.007292
17.345716	706.630871	1391.272259	2282.006608	3365.801440
17.351966	745.040610	1388.261219	2499.078429	3261.750513
17.358216	762.322325	1376.833727	2508.979675	3569.638075
17.364466	760.085525	1363.043904	2642.750267	3534.396539
17.370716	755.698306	1353.960563	2769.152770	3330.379803
17.376966	760.384038	1337.833753	2567.667557	3020.032778
17.383216	780.857197	1361.309171	1658.427087	2865.469618
17.389466	781.195376	1340.395813	2649.790786	3707.349431
17.395716	780.577606	1350.099886	2764.301260	3658.064697
17.401966	807.656944	1388.685876	2784.267371	3667.996500
17.408216	763.901561	1374.239116	2777.839738	3659.141667
17.414466	741.528657	1374.021717	2894.475113	3685.880288
17.420716	752.865000	1389.419368	2837.273565	2898.999208
17.426966	754.387436	1421.787363	2388.413736	2716.201296
17.433216	734.590820	1433.709562	2313.395465	2712.273660
17.439466	666.396692	1410.338203	2692.521837	2783.303588
17.445716	688.097538	1404.361292	2577.742812	3732.046085
17.451966	699.474614	1402.100319	2408.631729	3351.281280
17.458216	672.645610	1407.510263	2477.413723	3356.938489
17.464466	611.072923	1416.933113	2450.640556	3346.042226
17.470716	581.879865	1419.599835	2465.267253	3337.057269
Time_s	F1_Hz	F2_Hz	F3_Hz	F4_Hz	k_a_llo
37.427576	465.982614	1726.977601	2390.941748	3494.287074
37.433826	506.536922	1667.713203	2357.353843	3376.657036
37.440076	515.010836	1535.976182	2283.381761	3360.449971
37.446326	563.655878	1440.193747	2223.853956	3334.864381
37.452576	587.737935	1448.661954	2369.275647	3168.839424
37.458826	594.577652	1417.547510	2338.259743	3221.468390
37.465076	620.100972	1397.217453	2262.336677	3204.092808
37.471326	674.778326	1418.257601	2451.946448	3308.854154
37.477576	722.446619	1393.279479	2401.056244	3132.020620
37.483826	704.848238	1391.456345	2554.540367	3177.602224
37.490076	714.850475	1285.222929	2304.879803	3187.796681
37.496326	718.494247	1366.514205	2792.876445	3202.733517
37.502576	715.681342	1450.659695	2780.418600	3463.037573
37.508826	707.097723	1396.941330	2860.164255	3498.621543
37.515076	701.819419	1415.231755	2743.484431	3448.599212
37.521326	680.724817	1402.029687	2637.979936	3428.422730
37.527576	659.493317	1364.578121	2488.261686	3394.497103
37.533826	635.651493	1295.194046	2437.125110	3377.665846
37.540076	590.653854	1403.454292	2592.384527	3326.949025
37.546326	524.318171	1398.678565	2516.022070	3383.417425
37.552576	486.579830	1363.674912	2542.366796	3503.498401
37.558826	453.143910	1251.475523	2707.980769	3769.053585
Time_s	F1_Hz	F2_Hz	F3_Hz	F4_Hz	kall_o_
37.721326	342.310201	1732.260740	2645.778865	3067.997303
37.727576	393.152839	1636.841672	2577.377487	3044.393001
37.733826	403.543422	1257.342039	2594.385714	3249.965992
37.740076	396.494101	1219.956860	2532.497381	3380.093283
37.746326	384.633292	1132.025455	2496.978847	3350.207722
37.752576	367.407093	1075.930140	2564.875723	3451.180744
37.758826	349.832668	1066.056492	2632.305630	3565.246059
37.765076	351.757191	1068.812677	2615.263825	3543.964978
37.771326	362.419615	1060.674740	2635.729040	3495.673854
37.777576	368.524081	1034.925936	2664.106291	3457.062816
37.783826	366.196177	984.451331	2703.264671	3404.508259
37.790076	353.635647	939.926635	2682.708702	3565.381203
37.796326	327.465363	934.372583	2878.725125	3581.564769
37.802576	300.886745	937.480668	2766.836096	3661.885117
37.808826	311.827916	918.072832	2575.150943	3869.791490
37.815076	342.600909	909.645164	2838.417919	3651.178438
37.821326	373.672310	924.887451	3039.849305	3957.524856
37.827576	385.569781	991.800008	2966.914542	3937.641441
37.833826	561.933302	1330.791881	2924.474199	3980.225624
Time_s	F1_Hz	F2_Hz	F3_Hz	F4_Hz	p_i_ʃko
42.507545	199.879408	2255.337591	2774.143926	3865.942423
42.513795	232.516368	2264.599350	2875.091124	3513.717905
42.520045	248.957498	2233.914083	3174.002731	3257.881208
42.526295	249.919273	2205.080934	2712.302261	3298.473359
42.532545	258.043474	2132.315160	2676.890082	3369.234608
42.538795	257.468219	2212.728773	2766.554165	3265.052251
42.545045	255.412494	2152.190883	3170.753208	3860.463654
42.551295	252.803812	2140.722662	3203.817320	3799.313941
42.557545	250.569199	2119.330428	3187.018210	3792.783603
42.563795	248.824124	2168.181118	2951.118429	3783.018628
42.570045	243.216223	2202.281357	2916.243165	3881.911011
42.576295	229.662396	2223.044253	2960.888025	3907.586534
42.582545	147.856934	2257.900404	2993.879296	3940.175426
42.588795	2456.274577	3273.717640	--undefined--	--undefined--
Time_s	F1_Hz	F2_Hz	F3_Hz	F4_Hz	piʃk_o_
42.838663	208.396833	1096.792699	2595.823087	3807.927988
42.844913	343.783760	1026.805815	2853.633133	3766.184842
42.851163	374.440577	1001.834858	3093.258095	3766.633108
42.857413	390.216688	972.817633	2790.972564	3321.135842
42.863663	406.315289	944.466857	2915.014325	3675.360209
42.869913	404.412488	930.934100	2823.491086	3700.611434
42.876163	407.322433	939.291320	2830.955434	3464.297182
42.882413	406.722419	930.467094	2860.204299	3265.667758
42.888663	404.754005	916.564337	2793.380181	3354.460579
42.894913	401.647983	913.908273	2941.780662	3284.152640
42.901163	384.255476	928.161728	3007.376720	3211.948660
42.907413	365.453428	924.692145	3054.813940	3123.538886
42.913663	375.904532	894.147897	3077.790524	4025.622293
42.919913	476.197116	678.295943	3043.873538	3830.014923
42.926163	443.168642	812.476752	2966.161282	3766.889863
42.932413	430.314122	970.624815	3022.735244	3717.869649
42.938663	428.746799	662.956375	2324.078037	3812.487471
42.944913	312.693658	755.403648	2249.188392	3604.638618
42.951163	382.274918	909.469034	2215.762655	3400.225932
42.957413	376.744863	1074.521875	2287.670710	3581.859421
42.963663	397.731427	1145.557879	2351.029295	3575.258980
Time_s	F1_Hz	F2_Hz	F3_Hz	F4_Hz	m_u_h
48.765301	288.845352	1236.304468	2289.587296	3523.467219
48.771551	277.230793	1233.979612	2342.350278	3498.629132
48.777801	277.098806	1217.599995	2317.694974	3500.547773
48.784051	271.240862	1171.083219	2303.197491	3478.970020
48.790301	269.583858	1167.668349	2332.439083	3440.686292
48.796551	268.876089	1157.042029	2411.493501	3431.329084
48.802801	275.721810	1135.594186	2364.983353	3451.430903
48.809051	286.263746	1124.569678	2383.937438	3412.226520
48.815301	302.838564	1163.947176	2379.436126	3425.378591
48.821551	317.340075	1169.800972	2391.275537	3488.403488
48.827801	321.156145	1128.221468	2389.644208	3473.902346
48.834051	325.340150	1086.828314	2378.271631	3445.992020
48.840301	334.799343	1004.820839	2284.404729	3484.936325
48.846551	334.311399	896.993830	2309.765887	3469.423727
48.852801	333.369696	864.998863	2388.425989	3425.544220
48.859051	335.024472	850.710953	2484.171231	3482.413436
48.865301	343.609624	876.201584	2474.151220	3445.056457
48.871551	347.597781	934.640938	2485.113335	3394.731113
48.877801	350.013102	1031.637547	2415.149495	3415.931095
48.884051	349.210464	1022.352796	2418.229101	3473.196788
48.890301	350.144705	952.474402	2387.244820	3425.587397
48.896551	339.541862	1044.004744	2376.867698	3411.924247
48.902801	306.032041	1160.495079	2433.482936	3398.065125
48.909051	276.421850	1209.608746	2314.017708	3298.205826
48.915301	198.013455	1150.775267	2379.939907	3419.765064
48.921551	181.636074	1186.458670	2426.004268	3480.897066
48.927801	177.188295	1166.349418	2232.498588	3427.981096
48.934051	176.739680	1068.185654	2357.281186	3550.198261
Time_s	F1_Hz	F2_Hz	F3_Hz	F4_Hz	m_u_h
50.308760	343.049215	986.783562	2253.912322	3429.158477
50.315010	341.645839	953.501675	2250.503409	3432.925003
50.321260	327.163054	849.349019	2301.512354	3435.779973
50.327510	304.231161	829.395461	2255.314940	3457.656166
50.333760	290.738780	804.349467	2236.970937	3358.204110
50.340010	280.566808	744.036974	2361.347387	3355.854630
50.346260	278.960879	689.750363	2350.227489	3353.418861
50.352510	283.314806	550.297267	2312.896998	3372.584398
50.358760	274.429175	612.448472	2328.573612	3473.496866
50.365010	261.249560	649.819215	2378.287612	3433.718479
50.371260	255.250066	774.778262	2391.319951	3442.323249
50.377510	234.306029	852.010707	2381.090526	3391.642188
50.383760	218.578157	875.652517	2301.204954	3392.299099
50.390010	219.918541	889.958083	2236.402438	3398.907345
50.396260	297.169862	925.356865	2320.833620	3368.419084
50.402510	322.853868	959.921643	2563.420664	3355.478557
50.408760	271.288158	942.002025	2763.542045	3389.846001
Time_s	F1_Hz	F2_Hz	F3_Hz	F4_Hz	m_u_h
52.098118	290.257919	1431.391597	2624.799768	3779.656298
52.104368	270.660516	1322.038951	2619.952748	3623.064212
52.110618	255.254822	1199.457188	2625.238975	3599.561415
52.116868	245.234003	1224.389276	2605.086312	3405.555714
52.123118	239.093803	1230.640606	2589.497611	3246.148990
52.129368	244.245621	1278.177631	2597.873120	3164.237107
52.135618	271.690282	1330.452606	2557.021024	3389.653957
52.141868	314.525579	1250.662750	2570.427997	3570.262742
52.148118	337.084945	1196.120453	2604.520740	3464.683793
52.154368	342.952599	1218.972037	2622.017440	3159.962748
52.160618	342.890497	1238.050542	2633.620848	3038.231878
52.166868	341.186158	1386.619605	2629.765143	2718.496034
52.173118	334.284760	1224.826450	2608.860139	3370.841053
52.179368	325.361400	1155.265718	2584.821753	3435.763116
52.185618	307.547733	1088.609389	2588.791814	3568.900472
52.191868	292.233707	1102.844759	2565.006228	3681.162230
52.198118	284.834650	1145.314431	2565.789577	3744.451490
52.204368	287.584078	1131.341337	2559.860309	3551.192692
52.210618	298.299257	1087.460616	2545.888749	3482.569415
52.216868	317.085516	1038.892985	2550.174606	3576.704530
52.223118	332.644046	992.401271	2506.203770	3568.790702
52.229368	336.099213	900.223238	2434.273924	3582.432356
52.235618	331.941413	860.310382	2433.879165	3529.744788
52.241868	320.817630	855.007601	2468.897425	3538.705653
52.248118	320.967338	867.997668	2549.472556	3519.302152
52.254368	309.321317	853.407928	2490.934385	3548.017818
52.260618	290.333936	844.494909	2402.491455	3573.604082
52.266868	279.702188	888.695042	2337.698118	3558.849710
52.273118	261.254105	903.380652	2356.287428	3568.600474
52.279368	207.399979	902.628156	2344.978548	3575.662364
52.285618	197.135670	926.082241	2311.985576	3543.270605
52.291868	187.744144	959.263703	2363.439311	3558.234894
52.298118	115.625806	949.267859	2712.949419	3451.102025
52.304368	964.286211	2993.196367	3511.954469	4955.809872
52.310618	144.333628	1017.813999	2909.883506	3559.189527
52.316868	1016.927492	2915.626527	3514.950212	4669.783465
52.323118	1060.808151	3138.589166	3470.147539	4725.652654
52.329368	1040.525956	3168.450562	3379.469851	4770.114144
52.335618	1030.649450	3000.388412	3529.618737	4787.050056
52.341868	116.122188	1082.817710	2814.222045	3625.213864
52.348118	138.349885	1101.404109	2973.960217	3371.884198
52.354368	57.542907	1077.084784	2648.246206	3425.371535
52.360618	1068.799229	2504.666338	3461.271909	4603.988350
Time_s	F1_Hz	F2_Hz	F3_Hz	F4_Hz	_a_x
54.832390	805.769003	1527.913852	2499.945273	3305.988023
54.838640	795.520271	1494.153156	2456.925624	3280.304760
54.844890	799.411534	1460.997090	2491.336169	3134.820344
54.851140	801.862806	1461.209875	2510.771477	3789.363481
54.857390	815.256370	1520.689691	2558.693728	3713.377699
54.863640	831.178863	1546.779122	2718.905428	3704.334168
54.869890	832.306409	1513.828152	2591.019287	3694.889052
54.876140	837.186647	1494.680656	2629.724465	3701.877219
54.882390	843.930835	1497.742179	2629.897892	3718.435782
54.888640	832.247378	1473.241180	2547.118648	3748.278692
54.894890	823.190666	1480.586333	2595.526251	3784.316814
54.901140	825.992501	1483.040148	2501.536368	3535.913674
54.907390	835.209679	1478.097606	2494.306511	3497.971173
54.913640	829.269706	1466.144628	2513.788388	3367.651378
54.919890	831.917822	1469.888806	2490.992703	3284.314513
54.926140	814.257312	1461.203436	2522.257663	3155.645173
54.932390	743.377118	1437.264503	2589.204181	3209.646878
54.938640	616.883709	1435.416952	2602.460603	2995.880517
Time_s	F1_Hz	F2_Hz	F3_Hz	F4_Hz	b_e_ɾəm
57.838994	419.050208	1591.055375	2627.759534	3274.981511
57.845244	427.514910	1670.184021	2334.895883	3318.848063
57.851494	430.692613	1706.321657	2269.594805	3233.904764
57.857744	431.300736	1757.800926	2074.964196	3234.687836
57.863994	434.926511	1770.606926	2380.176208	3355.492823
57.870244	438.567500	1774.967152	2444.696527	3453.703262
57.876494	444.737412	1793.681161	2554.730524	3681.022164
57.882744	452.753389	1798.745325	2591.127301	3642.341871
57.888994	469.536421	1800.255577	2618.984033	3641.389611
57.895244	487.564972	1771.124782	2603.650213	3640.771911
57.901494	499.090815	1761.493557	2569.515117	3636.581456
57.907744	511.590568	1813.602638	2540.393403	3652.895804
57.913994	525.883112	1817.138652	3000.688245	3164.571955
57.920244	533.372267	1667.256811	1810.482444	3565.743395
57.926494	528.721030	1826.379895	1851.967624	3489.024200
57.932744	531.967855	1790.781369	2707.328971	3018.336990
57.938994	545.926278	1789.957277	2765.839175	3777.469128
57.945244	547.760077	1795.240470	2737.924686	3713.520377
57.951494	547.014144	1776.915576	2685.290038	3674.103266
57.957744	548.233401	1771.916247	2722.350265	3750.681034
57.963994	546.419183	1768.381927	2678.957062	3776.845816
57.970244	538.269334	1755.358559	2643.982358	3838.171759
57.976494	534.211153	1748.513269	2630.583943	3853.739482
57.982744	535.225956	1721.665372	2615.050625	3749.820443
57.988994	533.045337	1690.293265	2670.217350	3759.631923
57.995244	531.753253	1690.621336	2711.146721	3752.104354
58.001494	523.860476	1631.042234	2287.952129	2964.769709
58.007744	511.463587	1503.466619	2300.753861	2979.594602
Time_s	F1_Hz	F2_Hz	F3_Hz	F4_Hz	beɾ_ə_m
58.026494	390.477315	1569.224190	2876.507390	3358.119619
58.032744	408.583979	1457.206533	2575.280172	3303.584683
58.038994	458.225808	1427.206864	2604.558759	3340.644827
58.045244	490.910411	1479.051089	2676.559175	3025.326996
58.051494	481.647195	1388.722036	2345.661051	2796.899764
58.057744	468.500742	1332.764852	2671.934573	2833.119788
58.063994	463.853574	1277.159396	2675.100009	2757.411126
58.070244	477.430730	1291.845858	2367.169343	2843.387802
58.076494	512.066605	1300.277885	2340.917310	2812.764203
58.082744	495.543464	1260.561554	2338.961477	2811.861584
Time_s	F1_Hz	F2_Hz	F3_Hz	F4_Hz	p_a_polo
66.055118	591.771544	1194.971589	2506.477792	3514.195247
66.061368	595.027670	1237.053241	2450.652628	3507.036997
66.067618	632.454330	1287.403804	2473.585606	3525.100490
66.073868	690.734093	1356.675815	2455.944037	3510.186248
66.080118	720.285901	1381.491595	2228.784548	3518.276751
66.086368	723.409020	1367.046929	2361.071206	3544.864144
66.092618	737.381089	1377.479102	2457.430551	3573.993967
66.098868	738.652096	1366.670903	2386.094173	3550.985711
66.105118	737.554909	1363.897873	2370.727073	3553.422234
66.111368	737.717140	1370.968287	2440.833220	3596.449863
66.117618	731.255750	1329.577348	2455.759760	3511.347869
66.123868	711.420240	1263.264344	2418.745685	3451.471299
66.130118	669.862021	1223.567020	2349.618490	3418.632807
66.136368	591.926757	1197.538242	2198.968337	3383.993527
66.142618	606.089219	1195.858854	2176.708491	3426.736595
Time_s	F1_Hz	F2_Hz	F3_Hz	F4_Hz	pap_o_lo
66.251440	384.923881	941.468665	2664.323366	3390.101429
66.257690	403.979628	951.169967	2611.385336	3379.382501
66.263940	409.710685	975.411021	2514.114792	3353.197743
66.270190	404.617172	1041.107794	2482.958542	3274.209475
66.276440	397.574969	1110.682235	2453.521137	3199.403758
66.282690	389.465394	1177.034846	2400.204793	3080.595421
66.288940	362.299647	1498.480219	2556.724255	2857.394894
Time_s	F1_Hz	F2_Hz	F3_Hz	F4_Hz	papol_o_
66.387928	369.075804	1226.995370	2476.686268	3159.808657
66.394178	370.319687	1104.756034	2499.750371	3395.577908
66.400428	369.403227	1101.644088	2507.264625	3444.882162
66.406678	354.084086	1073.485798	2559.952825	3513.088667
66.412928	342.250233	1055.732205	2606.282360	3607.734017
66.419178	348.149949	1034.467812	2587.072320	3590.249118
66.425428	356.463617	996.722335	2461.314079	3553.248910
66.431678	355.419844	956.983563	2428.886029	3589.971396
66.437928	332.831970	930.459972	2413.002606	3592.706246
66.444178	279.964283	883.214953	2077.806472	3522.557534
66.450428	336.626820	879.808123	2214.989607	3542.187476
66.456678	376.104321	926.956374	2258.193976	3605.740806
66.462928	376.583405	1138.645615	2355.757924	3643.319052
Time_s	F1_Hz	F2_Hz	F3_Hz	F4_Hz	p_a_polo
67.752821	561.821814	1101.536583	2395.394256	3575.699368
67.759071	604.315688	1201.558304	2398.658363	3578.247587
67.765321	615.214891	1276.764327	2435.970755	3573.458808
67.771571	608.994394	1285.509548	2456.932909	3579.120709
67.777821	610.649602	1270.615235	2431.600880	3576.685336
67.784071	615.317252	1266.793182	2379.468540	3574.862313
67.790321	668.951034	1321.795623	2141.610032	3658.883061
67.796571	701.109238	1336.483071	2373.026579	3751.118660
67.802821	709.552285	1341.042649	2457.519721	3747.298014
67.809071	740.272255	1356.831269	2497.409250	3700.391079
67.815321	739.282858	1353.092110	2489.763161	3693.027050
67.821571	683.215016	1323.473442	2508.854904	3703.881945
67.827821	549.683550	1226.364307	2462.041855	3775.429085
67.834071	460.472428	1261.637846	2420.165289	3831.870526
67.840321	438.816410	1255.413480	2367.714845	3600.956923
Time_s	F1_Hz	F2_Hz	F3_Hz	F4_Hz	pap_o_lo
67.952821	363.429218	846.130760	2331.501669	3614.997919
67.959071	404.454487	861.226512	2426.320347	3584.923317
67.965321	429.593829	879.597681	2480.509726	3460.221337
67.971571	420.273363	886.474641	2524.315823	3338.055914
67.977821	420.673630	903.791595	2513.738789	3335.113024
67.984071	425.954924	947.575045	2455.575638	3233.242640
67.990321	424.509287	1015.664279	2435.144561	3158.791262
67.996571	424.066685	1034.365528	2415.717859	3059.240571
68.002821	426.370809	1089.253890	2368.031422	2916.361318
68.009071	424.935184	1238.622919	2303.659582	2763.523555
Time_s	F1_Hz	F2_Hz	F3_Hz	F4_Hz	papol_o_
68.090321	345.957690	1451.361232	2442.676193	2950.953086
68.096571	383.492296	1391.928851	2475.753874	3142.332220
68.102821	412.042783	1334.121893	2455.872085	3247.681068
68.109071	425.685657	1306.025746	2417.873140	3372.982922
68.115321	431.432056	1209.094818	2477.272832	3409.454632
68.121571	429.466974	1120.827864	2506.181542	3440.939409
68.127821	427.574753	1117.591464	2496.473703	3519.892132
68.134071	425.681723	1102.355969	2574.910039	3499.676697
68.140321	425.693213	1058.017013	2610.450749	3469.032523
68.146571	420.498557	1004.944168	2691.225767	3507.487881
68.152821	402.749583	951.720701	2726.178827	3595.198964
68.159071	346.082261	912.901322	2656.638725	3563.514322
68.165321	327.236481	898.891886	2544.738500	3579.645001
68.171571	362.237103	891.858008	2325.072440	3517.431102
68.177821	368.436975	890.657047	1919.835986	3483.695722
68.184071	306.535391	911.965942	2043.834263	3454.435488
68.190321	363.198011	913.474877	2164.841840	3475.945623
68.196571	387.961261	1063.561590	2133.795539	3572.950431
68.202821	327.058012	1119.764934	2179.561999	3584.561661
Time_s	F1_Hz	F2_Hz	F3_Hz	F4_Hz	t_ɔ_ɾo
108.390297	444.202095	1306.912244	2579.030989	3625.082723
108.396547	463.253823	1279.677607	2613.501706	3646.491101
108.402797	466.147999	1252.912454	2734.251793	3665.319458
108.409047	465.214573	1236.263671	2740.130498	3696.767141
108.415297	468.644156	1166.632453	2665.900320	3615.589757
108.421547	480.350114	1134.620513	2569.809793	3559.169900
108.427797	495.554101	1114.732767	2643.813365	3617.778246
108.434047	512.246548	1075.598235	2754.806821	3684.401306
108.440297	529.680258	1064.194626	2704.700558	3411.627159
108.446547	534.671768	1032.376010	2547.241374	3459.227749
108.452797	527.421208	1012.552025	2478.007452	3389.758556
108.459047	519.225466	1013.919150	2466.375112	3458.600208
108.465297	522.098869	1028.594750	2425.109732	3586.179163
108.471547	530.150813	1016.164439	2461.967076	3490.449798
108.477797	540.523193	999.458109	2462.850907	3479.907689
108.484047	548.700418	999.833624	2451.186598	3450.625461
108.490297	539.838422	997.081350	2395.791246	3393.769670
108.496547	526.709670	977.871398	2336.260272	3390.947349
108.502797	520.389795	970.452284	2306.802719	3417.422887
108.509047	517.123485	961.339812	2336.908823	3383.407338
108.515297	521.161330	990.690121	2333.507058	3378.448069
108.521547	525.304310	1016.090825	2343.777114	3380.821464
108.527797	530.267351	1038.733160	2383.757323	3404.331547
108.534047	537.598357	1078.726315	2459.662130	3373.356131
108.540297	541.376589	1098.385980	2406.864497	3393.603030
108.546547	540.236867	1105.742919	2455.077280	3420.788338
108.552797	533.036417	1116.880987	2565.111457	3499.061956
108.559047	525.103172	1126.318131	2613.045639	3478.900047
108.565297	517.202473	1127.839050	2645.565687	3407.223415
108.571547	504.889727	1128.833308	2804.346002	3020.631271
108.577797	487.692178	1139.025163	2795.633805	3017.411535
108.584047	459.214993	1149.642827	2615.857534	3220.395999
Time_s	F1_Hz	F2_Hz	F3_Hz	F4_Hz	tɔɾ_o_
108.609047	411.462657	1192.987019	2599.480652	3623.627266
108.615297	432.265964	1144.394868	2653.280345	3039.328630
108.621547	437.207922	1111.275606	2657.169496	2976.003209
108.627797	433.139650	1063.086166	2612.528355	2968.371877
108.634047	430.613830	1046.114336	2621.292174	2909.845127
108.640297	432.778278	1036.721117	2617.168139	2972.253810
108.646547	433.939830	1027.957906	2596.270760	3107.313777
108.652797	437.274312	1022.291760	2578.263962	3171.863612
108.659047	439.051169	1013.841558	2605.718707	3294.775248
108.665297	437.231946	998.612327	2591.502659	3264.696117
108.671547	436.805679	970.704609	2535.747782	3289.793625
108.677797	436.595903	941.612140	2482.966372	3226.111705
108.684047	441.888177	937.411413	2532.321268	3250.918274
108.690297	446.477223	931.644694	2978.125187	3426.991281
108.696547	416.314151	890.138873	2608.998700	3438.694296
108.702797	373.609026	829.128803	2618.796462	3463.624119
108.709047	376.097969	863.673593	2502.404873	3446.438938
108.715297	376.847729	834.114614	2419.932059	3440.440121
108.721547	332.855163	854.966830	2268.567189	3384.165848
108.727797	342.170378	981.390916	2246.168002	3500.578603
108.734047	381.229762	1002.146423	2289.262780	3480.239669
Time_s	F1_Hz	F2_Hz	F3_Hz	F4_Hz	d_o_mɔx
116.417027	269.449322	1330.647810	3083.204882	3945.185436
116.423277	312.395262	1309.795883	2861.292302	3692.942411
116.429527	311.401821	1299.211692	2821.202697	3594.851330
116.435777	343.495663	1171.941744	2634.705899	3531.772024
116.442027	376.494158	1031.365031	2554.133232	3468.732476
116.448277	405.340657	962.211038	2812.616220	3338.843497
116.454527	422.115546	1043.083537	3273.582142	3568.283892
116.460777	425.712991	972.481259	2572.175966	3272.303525
116.467027	412.796885	883.128644	2295.950578	3322.583332
116.473277	349.518898	978.347675	2267.596935	3341.746089
Time_s	F1_Hz	F2_Hz	F3_Hz	F4_Hz	dom_ɔ_x
116.548277	326.651061	1039.530486	2138.110853	3445.009097
116.554527	409.623060	958.963094	2016.540984	3499.575124
116.560777	406.952438	915.901397	1899.917071	3437.323913
116.567027	394.880617	931.250121	1787.548422	3398.212765
116.573277	419.004378	960.913695	1843.330156	3325.311736
116.579527	440.147537	987.530465	1973.295574	3286.200805
116.585777	450.543235	1007.052607	1867.960133	3234.408914
116.592027	451.519789	1018.008699	1713.635730	3220.441272
116.598277	436.852354	1020.227202	1608.627604	3165.263882
116.604527	409.540106	1019.036243	1498.608109	3143.859966
116.610777	435.352042	927.126945	1029.808072	3195.691338
116.617027	714.355143	1044.187620	3165.427141	3896.996063
116.623277	436.542031	1029.393074	1459.293201	3334.544664
116.629527	423.459564	1020.502817	1736.601953	3440.676847
116.635777	441.738980	998.256459	1991.333478	3383.362112
116.642027	490.498957	997.608109	2494.207612	3209.139958
116.648277	454.731458	966.764755	2631.380276	3173.238732
Time_s	F1_Hz	F2_Hz	F3_Hz	F4_Hz	k_a_n
143.375888	495.641210	1625.523394	2475.616164	3423.332808
143.382138	518.357711	1579.801017	2367.672251	3380.938875
143.388388	555.184441	1514.963023	2313.150866	3389.079523
143.394638	602.079924	1536.032223	2249.056903	3355.382794
143.400888	642.355407	1571.954515	2281.060205	3375.695360
143.407138	659.795496	1556.176841	2293.990676	3421.091829
143.413388	675.912044	1525.154418	2279.980723	3506.110575
143.419638	701.821731	1524.216142	2403.049201	3512.790949
143.425888	719.078395	1515.366924	2465.434157	3306.827186
143.432138	799.890475	1554.539826	2678.484034	3550.078953
143.438388	818.512344	1558.377636	2789.363202	3558.547813
143.444638	791.293752	1545.409218	2748.928763	3115.124683
143.450888	798.753574	1533.400600	2766.600799	2945.167850
143.457138	793.796055	1549.306918	2249.068566	2995.712975
143.463388	786.020468	1553.009970	2755.608654	2947.104844
143.469638	776.677945	1547.694709	2803.616256	3570.542626
143.475888	753.506129	1540.482017	2802.742103	3553.912296
143.482138	747.427695	1555.039546	2940.238820	3587.843056
143.488388	813.716173	1576.265030	2976.371105	3641.650266
143.494638	753.207741	1571.279415	3053.936567	3644.460970
143.500888	593.810452	1538.157292	3106.729491	3670.050738
143.507138	323.448981	1522.300598	1561.121775	3271.150545
Time_s	F1_Hz	F2_Hz	F3_Hz	F4_Hz	k_a_n
144.429842	553.563639	1606.206616	2046.196018	3555.002075
144.436092	574.304994	1551.608785	2000.195036	3584.329388
144.442342	584.074990	1520.862930	2002.527389	3544.437749
144.448592	586.644308	1515.852302	1967.470800	3512.688631
144.454842	601.759367	1502.190194	2008.544341	3509.047595
144.461092	623.567312	1454.280985	1955.108524	3438.756446
144.467342	663.782867	1444.230414	1953.011676	3333.326563
144.473592	688.186404	1485.772930	1879.117219	3265.527187
144.479842	694.608214	1500.920092	1758.135165	3220.796562
144.486092	699.186942	1475.348979	1775.122248	3201.316726
144.492342	713.084889	1482.013872	1755.431892	3210.756477
144.498592	715.767931	1473.856933	1701.313928	3281.558751
144.504842	700.661906	1481.955480	1670.790908	3287.110204
144.511092	712.071091	1499.035205	1870.896543	3243.711743
144.517342	727.036107	1538.878786	1979.766634	3208.470885
144.523592	734.182246	1526.951302	1988.253373	3231.836300
144.529842	721.818207	1455.978940	2244.139162	3208.759472
144.536092	686.936926	1406.538149	2836.933767	3249.739960
144.542342	670.828825	1444.207945	3003.847638	3582.175271
144.548592	564.723212	1415.351790	2860.848730	3583.042934
Time_s	F1_Hz	F2_Hz	F3_Hz	F4_Hz	k_a_lkɔ
163.388249	436.883473	1370.016025	2576.109757	3492.395700
163.394499	527.680774	1349.129790	2635.345382	3454.495800
163.400749	561.883553	1363.567107	2533.500749	3461.246191
163.406999	608.712591	1305.837482	2425.212889	3471.754247
163.413249	621.245384	1310.010513	2413.760771	3467.404835
163.419499	640.594631	1317.816435	2363.152048	3459.430158
163.425749	647.093640	1272.365082	2465.350049	3477.178404
163.431999	693.597597	1271.601319	2504.397532	3513.418084
163.438249	727.542873	1244.693815	2625.918189	3500.291010
163.444499	749.426258	1277.675040	2689.367110	3502.725763
163.450749	729.987399	1280.641153	2677.826813	3495.701066
163.456999	710.293404	1274.842758	2628.176718	3513.128299
163.463249	704.282359	1255.060386	2527.544167	3526.954390
163.469499	692.751325	1231.130214	2497.376998	3539.028355
163.475749	675.410218	1245.115060	2550.582111	3609.872678
163.481999	645.304150	1259.537084	2587.402415	3650.046055
163.488249	596.090860	1257.822813	2586.059293	3671.813807
163.494499	549.351444	1246.930233	2587.903059	3722.971053
Time_s	F1_Hz	F2_Hz	F3_Hz	F4_Hz	kalk_ɔ_
163.749368	429.484562	1114.516095	2587.570650	3567.950979
163.755618	484.322601	1129.055751	2569.336666	3540.258862
163.761868	517.397423	1116.218787	2571.400737	3533.658378
163.768118	542.249597	1101.483822	2516.308709	3474.253578
163.774368	547.076389	1096.486875	2538.813075	3477.472082
163.780618	550.166272	1094.269204	2564.640964	3509.892423
163.786868	550.171698	1092.715648	2452.358405	3515.041919
163.793118	542.177944	1089.920378	2395.840941	3500.150331
163.799368	531.903558	1084.070568	2352.089547	3465.421663
163.805618	519.950469	1080.705102	2355.389286	3454.392029
163.811868	505.816662	1080.851169	2355.575420	3447.392614
163.818118	490.919128	1078.196298	2340.447320	3471.097794
163.824368	491.123266	1075.450361	2332.596357	3487.481202
163.830618	498.209816	1071.441076	2318.964289	3470.903520
163.836868	499.201513	1054.813975	2336.749412	3454.419226
163.843118	483.374617	1059.643628	2353.653595	3414.957799
163.849368	479.871096	1057.637634	2336.477248	3388.270518
163.855618	500.782218	1033.164160	2349.775215	3394.632313
163.861868	557.440605	1010.703198	2355.465755	3398.477998
163.868118	615.099426	1032.035384	2348.994478	3347.446412
163.874368	466.073228	997.963104	2223.757302	3286.608102
163.880618	292.016765	905.634095	2047.055295	3321.364582
163.886868	222.269129	923.958226	2140.532639	3401.731668
163.893118	398.920758	916.269863	2223.055176	3289.881131
163.899368	488.179473	860.312449	2448.796370	3243.566842
163.905618	575.263161	2328.366323	3133.761551	4486.051640
163.911868	590.831900	1591.831529	3111.673733	3548.487789
163.918118	610.369184	1484.475484	2953.351992	3506.895390
163.924368	243.041517	1009.777404	2875.701086	3273.233820
163.930618	442.960438	1080.527352	2841.241791	3889.259163
Time_s	F1_Hz	F2_Hz	F3_Hz	F4_Hz	k_a_lkɔ
165.473632	448.722555	1696.586962	2484.574004	3654.825293
165.479882	483.162482	1706.864741	2572.125378	3741.950421
165.486132	493.527500	1708.499181	2642.089182	3772.029011
165.492382	558.796926	1651.837240	2403.645368	3776.556258
165.498632	606.014055	1586.958886	2231.255100	3500.974518
165.504882	642.285350	1617.839433	2353.837322	3422.175912
165.511132	657.275800	1599.547108	2325.976995	3408.378605
165.517382	615.735449	1526.501371	2312.471422	3435.951771
165.523632	620.326383	1491.161862	2252.252579	3500.570855
165.529882	639.769886	1487.347507	2498.943979	3355.023746
165.536132	653.000169	1494.584557	2496.982872	3244.813081
165.542382	687.430255	1464.813982	2711.544851	3803.013667
165.548632	685.144092	1454.389379	3042.295207	3578.468498
165.554882	668.554620	1475.825610	3043.237356	4122.969572
165.561132	660.482030	1416.069543	2634.230946	3782.233130
165.567382	645.643595	1436.767664	2815.830638	3939.835682
165.573632	619.461233	1425.188143	2898.867735	3975.361125
Time_s	F1_Hz	F2_Hz	F3_Hz	F4_Hz	kalk_ɔ_
165.804882	445.512946	1155.828326	2562.210533	3567.029793
165.811132	453.259406	1140.053289	2508.065448	3539.369120
165.817382	467.671252	1121.335327	2509.792621	3494.461979
165.823632	486.559274	1110.126761	2599.494898	3451.193829
165.829882	507.649655	1091.591945	2538.683407	3483.328867
165.836132	517.735547	1069.214180	2457.236698	3420.022837
165.842382	527.644755	1063.251146	2408.079303	3413.252885
165.848632	542.668682	1059.375677	2377.940823	3410.335350
165.854882	548.585332	1058.195361	2417.798256	3433.417161
165.861132	538.125802	1043.454082	2419.018383	3414.853038
165.867382	526.475001	1016.582299	2392.798669	3347.614239
165.873632	524.165869	1039.363041	2396.592177	3357.715051
165.879882	531.818869	1064.269236	2389.079584	3337.614306
165.886132	545.521552	1076.019158	2398.553813	3331.929404
165.892382	550.562124	1076.141888	2464.846128	3343.906279
165.898632	532.293022	1084.378733	2488.157697	3322.398595
165.904882	539.076356	1066.213192	2566.304458	3283.663151
165.911132	573.204692	1045.907428	2529.901231	3228.219764
165.917382	548.712181	996.791028	2430.521647	3201.171207
165.923632	447.575726	958.522828	2434.601166	3191.311195
165.929882	309.134382	944.603981	2453.581012	3232.229848
165.936132	306.414785	1016.048179	2320.989066	3238.272996
Time_s	F1_Hz	F2_Hz	F3_Hz	F4_Hz	ʋ_ɔ_t
169.630537	456.000007	1047.728879	2476.031761	3460.300147
169.636787	463.796402	1019.599553	2422.898762	3425.938109
169.643037	465.820410	1012.128914	2406.141812	3530.629573
169.649287	473.383515	1019.525634	2458.758704	3732.336647
169.655537	481.606306	1012.886428	2467.999809	3392.541440
169.661787	493.037869	1010.485959	2473.054328	3393.012437
169.668037	507.770170	1014.130675	2470.706279	3381.563364
169.674287	520.622669	1016.043221	2450.170395	3372.885027
169.680537	529.843751	1019.699136	2444.728270	3355.508147
169.686787	526.404325	1016.233152	2439.408192	3367.430425
169.693037	537.050280	1039.877606	2442.850657	3351.757751
169.699287	554.318224	1070.432587	2434.630719	3366.515819
169.705537	568.517327	1088.254515	2449.277514	3185.294194
169.711787	577.527944	1097.446728	2516.006070	3143.721682
169.718037	584.184934	1101.120131	2466.893968	3412.478814
169.724287	596.300082	1106.233237	2464.447982	3338.105979
169.730537	599.998886	1100.966811	2491.245583	3341.686232
169.736787	576.822835	1090.916476	2499.136644	3342.788062
169.743037	530.617589	1094.341511	2453.471047	3329.149426
169.749287	482.303907	1113.485541	2509.755707	3337.543942
169.755537	472.694800	1092.854746	2568.578975	3382.164200
169.761787	457.121491	1098.398699	2558.054503	3370.380487
169.768037	431.468615	1113.574888	2631.193113	3490.133570
Time_s	F1_Hz	F2_Hz	F3_Hz	F4_Hz	ʋ_ɔ_tə
171.419564	1047.437659	2585.460666	3362.439198	4916.337516
171.425814	129.922249	1056.338923	2553.931229	3448.918614
171.432064	237.185990	1057.683896	2524.537328	3485.654863
171.438314	310.054920	1060.891302	2535.688126	3467.575631
171.444564	349.125113	1060.216853	2585.183862	3463.333470
171.450814	378.035141	1048.662129	2561.146637	3493.148821
171.457064	408.878772	1059.950528	2502.518277	3560.420469
171.463314	429.894805	1049.680754	2526.116517	3531.357092
171.469564	449.838057	1042.533320	2525.294540	3516.632557
171.475814	471.726044	1041.244125	2497.808541	3479.672487
171.482064	494.657345	1042.255795	2543.409633	3503.095742
171.488314	515.757004	1054.013558	2535.479864	3516.231796
171.494564	532.832139	1070.531862	2501.071992	3467.067683
171.500814	546.410122	1087.619569	2539.312515	3228.964156
171.507064	555.172776	1106.813672	2544.456538	3635.712865
171.513314	561.463463	1118.772475	2538.468513	3685.781921
171.519564	568.079051	1130.300510	2539.844796	3618.583939
171.525814	572.044898	1140.592144	2529.603457	3645.982856
171.532064	569.821128	1141.083857	2398.168196	3584.169626
171.538314	574.403003	1158.045161	2237.631192	3579.549819
171.544564	577.210529	1179.968035	2215.044638	3342.898207
171.550814	581.086760	1207.229149	2161.985911	3161.694706
171.557064	581.344317	1223.763809	2928.144122	3759.221093
171.563314	567.741124	1243.437171	2996.587623	3799.368321
171.569564	488.419527	1081.342563	1242.284669	3088.758915
171.575814	418.837302	1224.439534	2470.286817	3390.920317
171.582064	345.224908	1196.787757	1992.183492	3675.476052
Time_s	F1_Hz	F2_Hz	F3_Hz	F4_Hz	ʋɔt_ə_
171.732064	379.081738	1392.317516	2699.180207	3922.888506
171.738314	428.205983	1338.133747	2653.699966	3755.724341
171.744564	446.123467	1356.086681	2601.423716	3703.711481
171.750814	464.938180	1370.071787	2594.655313	3627.627139
171.757064	490.635093	1365.750688	2595.529341	3598.878110
171.763314	492.684751	1344.021472	2604.988399	3599.760941
171.769564	492.984491	1354.434792	2601.510903	3600.334773
171.775814	498.844306	1384.080484	2600.162639	3652.200691
Time_s	F1_Hz	F2_Hz	F3_Hz	F4_Hz	l_e_beɾ
174.258676	330.776371	1792.705382	2591.681719	4065.229729
174.264926	378.983079	1786.937907	2648.561967	3936.762225
174.271176	387.012113	1864.159525	2703.436004	3694.667121
174.277426	389.567623	1791.535871	2612.869436	3727.793066
174.283676	386.060433	1846.500176	2688.482082	3616.579918
174.289926	375.965816	1888.552144	2569.600003	3377.876462
174.296176	366.661057	1924.891010	2252.584981	3496.772311
174.302426	364.620737	1919.108317	2745.160482	3891.027385
174.308676	360.340672	1827.786838	2644.202768	3847.283468
174.314926	344.664119	1663.448376	2355.411124	3554.828890
174.321176	327.384707	1652.944502	2347.919788	3551.522308
174.327426	337.576113	1775.026848	3201.708868	3920.178294
174.333676	357.626788	1798.773173	2816.762477	3701.053575
Time_s	F1_Hz	F2_Hz	F3_Hz	F4_Hz	leb_e_ɾ
174.399018	358.733899	1667.249766	2429.744091	3504.247346
174.405268	390.912686	1549.708567	2375.262671	3502.625608
174.411518	420.178835	1618.302421	2383.334028	3519.382436
174.417768	432.910112	1657.519828	2407.635121	3512.164753
174.424018	439.908585	1678.846138	2452.672818	3528.209805
174.430268	444.118572	1709.928323	2493.774066	3550.583490
174.436518	449.893338	1748.503579	2518.589052	3539.195588
174.442768	458.976378	1755.816855	2530.335973	3375.386804
174.449018	463.258471	1745.296124	2520.052108	3298.970839
174.455268	474.053132	1739.531731	2528.612257	3270.529645
174.461518	483.874445	1749.081066	2538.466083	3281.475597
174.467768	485.738539	1745.984985	2532.284625	3245.453098
174.474018	483.215573	1738.623069	2559.592435	3053.652339
174.480268	484.761326	1715.309632	2458.431301	3150.897329
174.486518	487.460835	1731.473606	2455.330861	3263.576135
174.492768	484.836343	1757.609037	2512.207010	3315.497113
174.499018	482.731001	1757.544162	2623.153458	3141.274318
174.505268	488.959446	1772.363424	2638.930286	2838.872165
174.511518	498.970894	1773.235093	2676.908749	3874.882677
174.517768	502.498172	1761.785908	2696.665985	3695.645940
174.524018	491.659849	1676.670171	2519.656752	3173.424173
174.530268	486.493228	1656.582777	2507.295195	3381.771233
174.536518	511.800766	1702.336778	2683.862585	2866.062234
174.542768	503.886749	1677.811306	2634.237974	3424.968591
174.549018	503.600195	1663.710236	2617.189990	3463.995343
174.555268	488.221502	1548.637543	2409.753058	3435.593883
174.561518	477.690351	1505.767231	2439.409943	3460.162218
174.567768	466.193905	1477.832148	2396.094756	3448.298026
174.574018	441.203280	1501.733673	2868.185206	2968.045579
Time_s	F1_Hz	F2_Hz	F3_Hz	F4_Hz	l_e_beɾ
175.397042	355.823062	1883.190985	2997.500391	3683.903315
175.403292	361.665749	1774.216040	2591.574200	3729.108163
175.409542	364.210552	1668.738230	2459.471575	3641.698656
175.415792	367.105929	1665.450107	2436.284900	3634.188079
175.422042	369.770420	1680.343873	2436.251746	3621.589657
175.428292	368.591862	1731.747987	2467.022506	3715.522311
175.434542	358.217068	1743.512055	2446.165842	3512.329291
175.440792	352.115896	1697.149258	2372.989043	3581.709162
175.447042	348.663604	1591.611938	2361.941529	3620.934137
175.453292	338.233078	1572.266774	2281.239197	3434.674067
175.459542	320.188328	1487.662004	2205.744273	3246.085875
175.465792	305.488900	1363.359695	2258.500835	3290.195548
175.472042	257.824332	1347.444100	2271.443854	3368.328272
Time_s	F1_Hz	F2_Hz	F3_Hz	F4_Hz	leb_e_ɾ
175.534542	372.919398	1549.887095	2397.873106	3435.284874
175.540792	397.616322	1640.091059	2415.942958	3475.709413
175.547042	411.226892	1737.794020	2461.018906	3466.840514
175.553292	415.193776	1756.079028	2495.027764	3429.560149
175.559542	414.585693	1723.726662	2504.768863	3443.543272
175.565792	410.322276	1653.407149	2488.946041	3469.663558
175.572042	399.641702	1527.296768	2517.993284	3547.049518
175.578292	374.128321	1699.746186	2503.707396	3416.247318
175.584542	332.951097	1812.752030	2550.506272	3460.321747
175.590792	329.103190	1801.857716	2597.101889	3569.873156
175.597042	375.095708	1706.713405	2567.885657	3433.686923
175.603292	396.278701	1755.354319	2531.812695	3344.215582
175.609542	404.212429	1779.439309	2513.119456	3362.556320
175.615792	409.850753	1774.030362	2526.758328	3510.811213
175.622042	424.935918	1763.787403	2492.097404	3446.182824
175.628292	434.939404	1762.716053	2479.741450	3383.142749
175.634542	439.617721	1763.180122	2530.966771	3363.857208
175.640792	440.169004	1746.863335	2627.288457	3528.609142
175.647042	445.632376	1723.055644	2589.521936	3593.841740
175.653292	455.788490	1719.402994	2490.440933	3647.062701
175.659542	448.667448	1706.688258	2586.579637	3840.991535
175.665792	412.912545	1661.893205	2658.065561	3821.422548
175.672042	380.033257	1658.635975	2668.304538	3831.962351
175.678292	356.767818	1558.665326	2656.632645	3636.072134
Time_s	F1_Hz	F2_Hz	F3_Hz	F4_Hz	l_e_beɾ
176.429473	290.960674	1930.472375	2732.489454	3635.958540
176.435723	324.513367	1816.625782	2627.470153	3703.217125
176.441973	339.741185	1740.991172	2525.916251	3622.405417
176.448223	350.238610	1761.789368	2468.235681	3518.379819
176.454473	357.232538	1778.646646	2407.128048	3564.765805
176.460723	360.498688	1785.647509	2497.610545	3493.651088
176.466973	357.597993	1752.778595	2529.342112	3362.097842
176.473223	349.967775	1733.667071	2403.031291	3423.944576
176.479473	339.953514	1688.101667	2304.898895	3397.392317
176.485723	333.967848	1643.052500	2209.613195	3412.465513
Time_s	F1_Hz	F2_Hz	F3_Hz	F4_Hz	leb_e_ɾ
176.579473	304.209489	1888.251828	2355.845363	3381.795081
176.585723	316.940928	1901.593042	2187.394371	3389.113037
176.591973	326.884717	1837.271673	2345.946901	3385.456115
176.598223	334.352888	1799.947811	2418.366709	3392.629134
176.604473	340.349564	2010.088791	2106.338981	3469.686252
176.610723	346.163064	2022.375156	2206.236531	3496.171650
176.616973	351.908853	1960.812359	2418.090137	3524.940866
176.623223	353.112394	1890.735757	2489.931592	3534.020072
176.629473	351.541361	1841.096288	2519.134292	3545.651467
176.635723	345.423451	1884.829182	2538.590275	3381.669228
176.641973	337.992179	1880.981422	2517.609982	3503.385185
176.648223	333.903658	1743.516300	2511.642996	3530.256628
176.654473	358.853529	1720.595332	2528.643609	3508.310470
176.660723	382.921930	1725.688999	2504.779603	3512.075930
176.666973	398.549356	1768.665460	2437.717567	3445.784054
176.673223	408.953141	1769.533288	2949.435834	3481.380276
176.679473	394.907698	1735.908549	2997.962227	3360.830124
176.685723	371.353005	1715.998100	3164.866947	3346.162743
176.691973	324.765252	1653.120692	2901.961377	3419.676118
176.698223	259.697798	1554.728572	2832.973965	3904.682600
176.704473	185.898851	1576.848053	2948.719387	3818.686906
Time_s	F1_Hz	F2_Hz	F3_Hz	F4_Hz	d_e_mb
178.794169	376.427225	1832.508407	2630.514090	3798.316315
178.800419	405.066386	1851.601348	2593.985706	3816.217228
178.806669	419.414422	1862.265116	2604.220485	3800.995490
178.812919	428.363003	1869.646171	2593.287480	3723.247374
178.819169	438.133605	1910.269011	2648.756512	3636.162668
178.825419	448.513195	1919.530816	2669.295668	3621.118385
178.831669	463.032378	1899.170790	2675.787865	3509.748513
178.837919	479.123093	1883.082913	2718.685831	3116.428554
178.844169	491.835037	1886.243510	2748.262568	2756.634412
178.850419	506.265733	1903.048176	2715.928026	2747.394651
178.856669	517.239272	1898.104533	2603.123591	2763.161668
178.862919	524.114810	1871.804337	2399.108331	2898.965117
178.869169	541.410488	1844.269956	2511.382547	2938.115163
178.875419	567.915391	1823.556364	2752.213834	3095.080425
178.881669	585.197694	1799.111555	2697.852088	3313.101018
178.887919	597.445177	1834.839452	2808.534543	2820.150005
178.894169	606.969052	1855.097301	2552.579990	2836.122345
178.900419	596.321777	1828.509972	2792.081354	3436.202784
178.906669	565.540770	1779.562894	2756.233959	3766.817851
178.912919	532.361584	1735.271755	2634.413317	2853.843474
178.919169	513.584805	1717.449523	2221.646096	3072.312270
178.925419	504.637938	1688.510655	1857.891572	3176.245031
178.931669	521.186921	1076.974593	1678.369220	3198.610981
178.937919	446.271780	1517.906018	1937.974384	3427.383102
Time_s	F1_Hz	F2_Hz	F3_Hz	F4_Hz	d_e_mb
180.034543	376.235869	1725.359363	2635.726824	3939.201965
180.040793	385.791565	1752.684721	2659.036077	3858.748501
180.047043	379.121562	1724.043587	2603.086506	3795.674768
180.053293	387.956936	1780.501948	2657.947322	3883.300175
180.059543	421.539300	1815.926850	2697.736654	2868.094690
180.065793	445.016373	1646.540263	2518.339934	3250.718073
180.072043	460.680744	1680.116863	2489.344699	3315.399833
180.078293	458.639417	1774.506112	2673.934867	3934.080870
180.084543	429.531752	1769.659627	2732.405925	2883.473165
180.090793	420.184697	1797.361309	2785.928062	3774.608636
180.097043	387.596634	1784.340982	2747.050074	3822.024728
180.103293	373.589451	1754.759021	2343.628149	2712.652293
180.109543	374.808915	1736.037204	2754.868241	3747.944986
180.115793	377.290958	1662.625368	2761.499267	3800.052807
180.122043	409.698145	1655.637332	2730.111035	3708.712305
180.128293	366.788612	1618.356038	2692.833766	3350.861538
180.134543	384.089842	1557.234226	2277.422944	3584.081268
180.140793	391.903434	1493.817903	2590.329094	3312.789504
180.147043	376.268647	1426.639512	2215.343819	3233.017880
180.153293	345.692895	1390.834278	2171.508270	3352.171164
180.159543	303.229430	1359.089355	2493.237520	3350.818508
Time_s	F1_Hz	F2_Hz	F3_Hz	F4_Hz	d_a_nd
183.378855	451.164777	1602.465243	2738.928500	3902.285752
183.385105	487.611366	1579.984415	2705.501495	3860.293032
183.391355	541.580426	1619.092431	2713.556559	3797.722023
183.397605	579.699521	1631.990998	2777.898562	3824.170731
183.403855	603.492452	1623.471861	2656.673718	3385.680234
183.410105	633.428112	1613.806239	2614.099832	3828.739646
183.416355	673.274954	1651.516803	2902.782167	3827.852193
183.422605	706.518913	1667.450821	2756.393567	3862.725043
183.428855	687.045710	1564.732091	2706.997482	2804.883343
183.435105	677.855600	1484.362754	2156.206680	3241.543183
183.441355	694.717495	1476.396597	2148.357453	3281.706000
183.447605	716.878863	1485.563138	2220.322249	3280.882851
183.453855	726.289276	1484.872456	2385.820432	3073.822791
183.460105	713.400030	1480.619302	2441.224114	3254.235421
183.466355	754.817565	1502.994420	2590.897818	3713.569400
183.472605	788.800206	1500.835560	2642.128464	3704.149564
183.478855	760.090252	1470.768668	2535.883915	3713.272779
183.485105	767.265629	1489.139953	2480.552328	3703.002351
183.491355	752.040818	1365.219771	1502.967225	3281.161623
183.497605	757.593341	1209.097155	1481.120097	3004.142900
183.503855	753.058484	1482.837971	2949.341343	3750.132987
183.510105	743.594384	1486.834193	2887.006922	3791.752792
183.516355	727.296585	1502.515404	2764.269376	3763.932453
183.522605	766.126540	1488.257904	2867.243867	3693.359302
183.528855	747.599978	1450.396507	2714.231964	3731.777133
183.535105	724.591721	1419.862557	2896.969409	3730.834694
183.541355	735.695997	1416.504838	3059.273720	3723.208409
183.547605	704.566485	1399.321881	3008.190005	3710.162051
183.553855	497.486176	1280.352357	1902.835166	3645.865012
183.560105	388.630422	1284.159693	2049.150310	3657.999596